11164 100 10 12 15 460
ACTIVITIES
0 7 9
1 8 15
2 14 28
3 12 24
4 10 9
5 4 12
6 4 30
7 3 17
8 1 28
9 1 20
10 10 28
11 8 3
12 14 11
13 7 24
14 1 7
15 8 17
16 13 16
17 8 11
18 9 30
19 6 18
20 2 7
21 1 28
22 2 14
23 2 16
24 4 4
25 3 15
26 5 30
27 1 22
28 4 22
29 0 22
30 14 5
31 12 25
32 6 29
33 8 26
34 3 10
35 1 13
36 7 18
37 3 17
38 14 28
39 14 21
40 10 22
41 2 21
42 0 25
43 2 3
44 14 19
45 3 6
46 7 30
47 5 9
48 8 19
49 7 27
50 6 26
51 7 3
52 14 5
53 7 8
54 7 27
55 10 20
56 4 28
57 10 5
58 9 22
59 4 4
60 9 22
61 7 30
62 11 14
63 6 4
64 4 30
65 10 8
66 14 24
67 12 20
68 9 8
69 13 28
70 4 25
71 9 9
72 3 25
73 10 25
74 1 22
75 5 6
76 6 28
77 9 13
78 11 10
79 4 16
80 4 29
81 14 25
82 6 29
83 12 19
84 14 24
85 6 24
86 1 28
87 1 5
88 0 24
89 9 27
90 3 29
91 8 6
92 5 14
93 8 21
94 9 25
95 5 27
96 6 20
97 8 3
98 11 9
99 13 9
REQUESTS
0 0 34 1 0 14 4.6 3.4 3.9 0
1 0 27 7 7 11 4.8 3.5 2.1 0
2 0 8 0 7 12 3.4 2.6 1.6 1
3 0 55 3 8 3 0.8 1.4 0.3 0
4 0 84 11 6 14 5.5 2.5 2.4 0
5 0 87 9 0 17 7.8 4.7 0.9 1
6 0 67 2 8 4 1.5 0.8 1.1 0
7 1 46 10 0 8 1.6 1.6 1.4 0
8 1 20 4 7 2 0.7 0.3 0.4 1
9 1 37 6 6 18 7.7 5.0 4.4 0
10 1 93 2 8 7 3.1 1.8 0.9 0
11 1 15 4 0 16 2.7 3.4 1.7 0
12 1 8 1 3 4 0.8 1.0 0.9 0
13 2 11 6 7 12 3.3 3.4 3.2 1
14 2 6 11 0 2 0.4 0.6 0.2 1
15 2 39 11 8 10 1.5 1.8 2.0 0
16 2 63 4 9 15 3.5 6.9 4.4 0
17 2 71 3 2 14 3.3 4.8 2.7 0
18 2 90 6 4 11 4.9 4.0 1.9 0
19 2 20 5 3 18 4.8 4.5 1.1 0
20 2 75 4 2 20 6.3 6.2 1.7 0
21 2 16 10 6 12 4.2 2.0 1.5 0
22 3 24 11 5 2 0.4 0.9 0.1 0
23 3 8 9 6 14 4.3 6.8 2.8 0
24 3 20 8 7 10 1.7 2.5 2.5 0
25 3 44 11 2 1 0.3 0.4 0.1 0
26 4 81 4 5 9 2.4 3.8 2.2 0
27 4 96 5 8 6 0.9 1.4 0.9 0
28 4 69 7 4 12 5.0 5.1 1.7 0
29 4 92 0 2 16 5.6 7.2 3.0 1
30 4 92 10 8 2 0.6 0.5 0.1 0
31 4 53 2 0 16 7.2 2.9 1.0 0
32 4 25 5 0 14 2.5 6.2 3.4 0
33 4 39 11 1 10 2.4 3.2 2.3 0
34 4 98 11 0 1 0.4 0.2 0.1 0
35 5 56 1 6 16 3.1 3.1 1.8 1
36 5 68 10 9 4 0.6 1.8 0.2 0
37 5 35 11 5 9 1.9 4.4 0.6 0
38 5 16 6 5 3 0.9 1.0 0.4 0
39 5 77 4 7 14 4.3 4.9 3.0 1
40 6 95 2 1 6 1.0 2.9 1.2 0
41 6 4 7 9 10 2.8 4.7 1.5 0
42 7 67 11 7 7 2.3 1.4 1.5 2
43 7 54 4 7 18 4.6 6.8 2.0 2
44 7 77 2 6 4 0.9 0.8 0.7 2
45 7 80 6 3 5 1.7 0.8 0.4 2
46 7 59 10 4 13 3.5 4.4 1.4 2
47 7 99 10 2 10 3.1 4.0 0.9 2
48 7 57 8 5 1 0.1 0.2 0.1 2
49 8 29 8 5 12 4.6 5.2 2.1 1
50 8 63 10 7 11 5.1 3.1 2.7 0
51 8 86 1 0 14 4.0 4.5 3.3 0
52 8 55 9 0 5 1.6 1.3 1.3 0
53 8 66 8 7 12 3.7 4.9 2.9 0
54 8 4 6 5 1 0.2 0.4 0.2 0
55 8 48 4 7 11 1.6 5.2 1.5 0
56 8 43 7 7 17 6.2 4.8 4.3 0
57 8 36 8 7 6 2.1 2.6 0.3 0
58 8 90 8 1 11 3.5 5.3 1.2 1
59 9 48 7 3 12 4.1 2.3 1.6 0
60 9 55 9 7 10 3.6 3.4 2.1 1
61 9 33 6 3 7 1.8 1.1 2.0 0
62 9 92 2 8 15 3.7 5.5 2.6 0
63 9 95 10 1 18 5.7 8.4 1.7 0
64 9 55 1 1 16 5.8 5.6 3.8 1
65 9 48 2 1 19 8.2 6.4 4.3 0
66 9 24 3 7 19 5.9 3.8 4.2 0
67 10 79 7 6 13 3.3 6.0 2.7 0
68 10 97 5 5 19 5.8 6.2 4.8 0
69 10 85 10 5 1 0.1 0.2 0.1 0
70 10 20 10 8 14 4.5 3.8 4.1 0
71 10 27 10 5 8 2.1 2.0 1.7 1
72 10 93 11 8 18 6.4 2.9 2.2 1
73 10 90 0 7 18 8.0 8.3 1.5 0
74 10 64 6 2 18 8.1 8.1 1.7 0
75 10 89 3 6 16 4.5 7.9 2.7 1
76 10 58 7 7 17 4.8 6.7 4.1 0
77 11 6 7 2 3 0.5 1.2 0.3 0
78 11 70 10 8 14 6.8 3.7 2.7 0
79 11 55 10 6 9 3.1 3.8 1.2 0
80 11 23 0 2 10 2.9 4.0 2.5 0
81 11 80 2 0 12 4.5 3.3 2.7 0
82 11 30 10 9 9 2.3 2.2 1.4 0
83 11 87 4 2 5 1.1 1.9 0.4 0
84 11 82 0 9 9 2.8 3.2 1.1 0
85 12 63 5 3 17 5.2 7.6 1.4 0
86 12 42 9 0 1 0.2 0.4 0.2 0
87 12 33 2 8 8 2.8 3.5 0.4 0
88 12 4 1 6 3 1.4 1.1 0.1 0
89 13 47 8 1 11 5.1 3.0 2.3 1
90 13 58 8 1 1 0.3 0.3 0.2 0
91 13 89 7 8 11 2.9 5.1 2.9 0
92 13 95 6 0 15 3.0 6.5 2.2 0
93 13 59 3 2 4 1.8 1.8 0.3 0
94 13 18 7 8 3 1.3 1.2 0.4 0
95 14 19 5 5 8 3.3 2.8 1.0 0
96 14 30 4 4 9 2.4 2.2 1.4 0
97 14 89 7 6 8 2.6 2.9 1.1 0
98 14 15 7 7 18 7.4 7.8 2.7 0
99 15 82 0 7 6 2.4 1.1 0.3 0
100 15 57 6 6 11 4.0 2.4 1.7 0
101 15 24 8 9 4 1.1 1.4 0.8 0
102 15 41 2 1 16 4.3 5.2 1.1 0
103 15 35 5 9 2 0.8 0.3 0.4 0
104 15 44 0 4 14 3.3 2.5 1.5 1
105 15 2 4 0 8 2.6 2.7 0.8 0
106 15 23 1 0 13 3.4 5.7 3.1 1
107 15 43 2 6 6 2.0 0.9 1.7 0
108 16 78 11 2 20 7.2 7.3 4.2 0
109 16 66 1 1 1 0.4 0.3 0.1 0
110 16 72 5 6 11 1.9 4.2 1.9 0
111 16 51 11 9 10 1.5 2.4 2.1 0
112 16 40 10 9 12 4.5 4.0 2.3 0
113 16 83 10 6 10 3.5 3.6 2.8 0
114 16 59 6 7 19 4.4 8.7 2.2 1
115 16 19 7 3 4 1.5 1.7 0.7 0
116 17 22 11 1 16 7.5 3.4 2.7 0
117 17 84 0 7 17 6.1 6.3 4.4 0
118 17 55 3 0 16 6.0 4.0 2.7 0
119 17 83 1 7 7 1.8 2.1 1.1 0
120 17 45 2 7 12 2.0 3.0 1.1 0
121 17 29 4 0 17 7.7 7.1 2.1 0
122 17 21 4 1 6 1.7 1.5 1.7 1
123 17 71 8 2 7 2.9 1.1 0.4 0
124 17 53 10 4 5 2.2 1.2 1.0 0
125 17 44 9 9 9 3.7 2.8 2.4 0
126 18 83 11 1 10 4.2 3.9 1.3 1
127 18 76 5 8 20 7.7 3.4 3.8 1
128 18 62 1 0 19 6.8 8.9 2.7 0
129 19 71 5 1 2 0.8 0.7 0.3 2
130 19 2 7 9 19 3.4 5.9 1.2 2
131 20 77 7 1 1 0.3 0.3 0.0 0
132 20 2 3 2 3 1.4 1.1 0.2 1
133 20 64 7 2 8 3.7 2.3 1.7 0
134 21 55 9 0 5 0.7 0.7 0.9 0
135 21 47 4 9 10 3.0 1.9 1.0 0
136 21 55 0 1 19 5.7 8.6 3.1 0
137 21 24 7 8 3 0.9 1.0 0.4 0
138 22 26 5 2 1 0.1 0.2 0.2 0
139 22 69 11 7 6 1.1 2.0 0.9 0
140 22 60 4 6 2 0.4 0.8 0.1 0
141 22 23 3 8 18 7.5 4.6 1.3 0
142 22 98 0 7 4 0.8 0.9 0.8 0
143 22 34 1 6 5 2.3 1.8 0.2 0
144 22 60 10 4 17 6.8 6.4 3.7 0
145 22 73 11 9 15 4.5 4.9 2.9 0
146 22 21 4 9 17 6.0 6.7 2.5 1
147 22 1 6 3 2 0.8 0.3 0.4 0
148 23 10 10 8 5 2.4 1.7 0.4 0
149 23 2 9 8 3 1.0 1.1 0.6 0
150 23 38 4 4 5 1.1 0.8 0.4 0
151 23 74 3 4 16 4.0 6.8 3.1 0
152 23 32 5 1 3 0.9 0.5 0.6 1
153 23 75 2 3 19 4.6 6.1 4.2 0
154 24 62 6 5 2 0.6 0.5 0.4 0
155 24 41 8 0 7 1.2 1.8 0.3 0
156 24 57 6 4 17 8.3 3.8 2.0 0
157 24 29 9 5 20 9.6 4.6 5.6 0
158 24 13 6 8 8 1.9 1.8 1.8 0
159 24 95 9 8 12 4.8 5.1 1.9 0
160 24 67 7 8 17 7.2 4.0 4.6 0
161 24 68 11 2 11 2.2 5.3 1.0 0
162 25 89 11 8 7 2.3 2.9 1.7 1
163 25 86 3 7 10 2.0 4.3 1.2 0
164 25 66 9 5 4 1.3 1.9 0.5 0
165 26 31 3 1 16 6.3 7.1 1.3 1
166 26 81 4 9 9 1.5 2.5 1.1 0
167 26 15 8 6 19 2.9 8.6 4.6 0
168 27 67 3 4 4 1.2 1.6 0.8 0
169 27 24 3 8 13 2.1 3.8 2.8 0
170 27 2 9 4 10 3.5 3.7 1.4 0
171 27 55 11 0 18 5.7 8.2 3.7 0
172 27 60 2 3 16 2.4 6.1 4.7 0
173 28 20 0 7 18 6.6 6.6 4.7 0
174 28 87 10 8 9 3.0 3.6 2.2 1
175 29 68 9 0 18 3.8 6.8 4.4 1
176 29 28 3 8 9 3.0 4.2 0.6 0
177 29 39 0 6 10 3.5 4.3 1.5 0
178 29 69 3 9 3 0.5 1.1 0.2 0
179 29 78 3 5 3 0.6 0.9 0.3 0
180 29 68 0 0 11 4.3 4.1 1.2 0
181 29 64 10 4 8 2.6 3.8 1.0 0
182 29 63 2 5 4 1.1 1.6 1.1 0
183 30 41 7 3 7 2.9 2.9 0.7 0
184 30 96 11 2 9 1.5 3.3 0.6 1
185 30 93 8 4 13 3.9 4.7 3.4 1
186 30 20 4 6 19 6.1 7.7 5.0 1
187 30 20 1 9 11 3.0 3.1 3.1 0
188 30 63 5 6 3 1.3 0.8 0.3 1
189 30 10 10 4 7 2.2 3.0 1.4 0
190 30 63 3 6 20 8.8 4.4 4.8 0
191 30 67 4 2 10 2.9 3.9 0.5 1
192 30 49 3 6 18 3.1 6.4 3.1 0
193 31 78 1 7 15 5.8 3.7 3.9 0
194 31 5 10 0 18 6.6 5.7 2.7 0
195 31 90 0 0 15 6.8 5.3 2.8 0
196 31 24 1 8 6 2.8 1.6 1.4 1
197 31 79 1 1 8 1.9 3.2 0.8 0
198 31 83 8 9 15 6.3 2.5 2.4 0
199 31 36 3 0 5 2.3 1.3 0.8 0
200 31 69 0 7 16 6.4 5.2 4.2 1
201 31 88 9 4 3 1.3 0.4 0.4 0
202 31 76 9 9 17 4.2 7.8 1.8 0
203 32 10 0 5 8 1.8 1.2 2.2 0
204 32 89 9 8 7 2.8 2.6 1.3 0
205 32 26 9 4 20 8.6 5.6 2.1 0
206 32 8 9 3 17 7.0 6.0 3.9 0
207 33 55 6 7 5 0.8 1.8 0.8 0
208 33 91 8 8 7 1.4 2.9 1.1 0
209 33 74 9 1 13 5.1 2.9 0.9 0
210 34 57 9 7 11 3.8 3.7 1.2 0
211 34 36 1 3 11 4.8 3.0 3.0 0
212 34 72 11 7 1 0.3 0.3 0.2 0
213 34 66 7 4 3 0.6 1.0 0.8 0
214 35 52 3 8 16 5.6 4.4 2.2 0
215 35 41 10 7 10 2.9 2.5 1.6 0
216 35 45 1 4 4 1.4 1.0 0.5 0
217 35 2 0 0 18 5.4 7.9 4.5 1
218 35 61 10 6 6 1.5 1.7 0.9 0
219 35 40 3 5 12 4.7 2.1 3.4 0
220 35 67 1 8 14 3.5 6.2 3.9 0
221 35 23 4 1 10 3.9 2.3 1.6 0
222 35 78 6 0 2 0.4 0.9 0.2 0
223 35 3 11 5 2 0.6 0.6 0.4 0
224 36 23 4 1 15 6.8 4.6 3.5 0
225 36 96 9 0 5 1.7 1.5 1.0 0
226 36 76 7 4 16 6.3 3.0 1.3 0
227 36 31 11 2 3 1.3 1.0 0.6 0
228 36 26 0 4 9 2.0 3.4 1.0 0
229 37 4 11 4 4 1.2 0.9 1.1 0
230 37 81 10 3 1 0.1 0.2 0.1 0
231 37 13 0 2 16 6.6 3.6 2.7 0
232 37 33 6 6 14 4.7 5.1 2.5 0
233 37 60 2 3 6 2.6 2.9 0.4 1
234 37 73 5 5 8 3.1 3.5 1.2 0
235 37 41 4 7 11 4.0 4.8 2.0 1
236 37 46 10 5 3 0.8 1.2 0.4 0
237 37 51 10 2 15 3.3 3.6 4.4 0
238 38 30 8 0 15 5.0 5.8 4.1 0
239 38 2 7 5 3 1.2 0.8 0.8 0
240 38 23 10 9 11 2.2 3.0 2.3 0
241 38 11 0 0 19 5.7 7.0 3.8 0
242 38 20 1 0 16 7.1 2.7 4.2 0
243 38 71 9 6 15 6.3 5.8 2.7 0
244 38 87 3 5 6 1.3 1.8 1.1 1
245 38 5 9 0 7 3.2 1.0 0.8 0
246 38 70 6 3 19 8.2 5.8 4.8 0
247 39 97 11 7 10 2.9 2.0 2.3 0
248 39 53 10 1 13 2.7 5.1 2.9 0
249 39 82 11 4 13 5.6 3.3 1.6 0
250 39 64 4 1 16 5.7 6.0 4.2 1
251 39 53 11 2 17 7.0 5.7 1.1 0
252 39 35 6 3 18 5.1 7.9 2.4 0
253 39 83 5 5 16 3.4 5.4 4.2 0
254 40 98 1 5 9 2.7 1.5 2.3 0
255 40 1 1 7 1 0.2 0.4 0.2 0
256 40 49 9 0 10 4.9 2.1 1.1 0
257 41 49 10 0 5 1.0 2.3 0.5 0
258 41 52 1 2 9 4.1 2.6 1.6 0
259 41 89 8 1 9 2.6 4.1 0.4 0
260 41 54 2 0 20 9.2 8.2 2.5 0
261 41 45 4 1 14 4.9 4.6 2.0 0
262 41 6 0 0 3 0.9 1.1 0.4 0
263 41 25 0 9 11 1.8 2.4 1.3 0
264 41 87 9 2 11 5.4 4.4 0.6 0
265 42 92 4 8 20 6.9 4.1 1.5 0
266 42 63 0 1 3 0.9 1.1 0.4 0
267 42 66 11 7 7 1.5 3.1 0.9 0
268 42 15 8 7 3 1.0 0.9 0.8 1
269 42 84 11 6 4 0.6 0.8 0.3 1
270 42 13 9 7 1 0.4 0.4 0.1 0
271 42 8 10 1 8 3.7 2.1 2.1 0
272 42 1 4 2 20 8.4 6.4 5.0 0
273 42 5 7 3 14 5.5 4.6 1.3 0
274 43 66 5 8 14 3.1 5.9 3.1 2
275 43 32 2 5 9 1.4 4.0 1.5 2
276 43 24 7 9 8 2.3 1.2 1.1 2
277 43 2 5 0 13 2.1 6.0 0.7 2
278 43 76 3 8 4 0.9 1.4 0.7 2
279 44 73 11 0 6 2.0 2.5 0.8 0
280 44 11 4 5 7 3.0 1.5 0.6 0
